x1 =   281649/300053=0.938664169330085 
x2 =   327659/300053=1.0920037460048724
x3 =   657181/300053=2.1902163951035316
x4 =   1256793/300053=4.188570019296591
x5 =   141231/300053=0.47068684532399274
x6 =   1652908/300053=5.508720126111053
 