x1 =   2703/1631=1.657265481299816 
x2 =   23/1631=0.014101778050275904
x3 =   901/233=3.866952789699571
x4 =   9/1631=0.005518087063151441
x5 =   12225/1631=7.495401594114041
 